93720
94583
93722
95206
95209
95204
93307
95648
93305
93306
95746
95991
94571
94401
94005
93312
93309
94555
93304
94549
93711
94538
95219
95765
94560
93703
93611
94513
93727
95666
94533
94080
95667
93705
93728
94553
94521
95627
93308
93702
94702
95132
94536
94561
94403
94606
93301
94015
94578
94587
94565
94582
95370
94591
94618
94509
95442
94541
94609
94709
93701
94531
93630
94523
95409
94063
95776
95966
95620
93612
95928
93280
95695
93201
93706
95687
93268
94025
95605
94019
95210
95336
94542
94804
94043
93725
93313
95207
95603
95123
94580
93721
93311
94610
94563
94577
95602
93726
93614
93245
95322
94585
95122
95619
94002
95203
94579
95945
95709
94061
95320
95640
94551
95361
94511
95348
93710
94030
94518
94707
95401
95677
94596
95616
93704
94534
94589
95726
94598
94303
95383
94550
94040
94065
94539
93640
94704
95682
93619
93638
93662
95688
94611
95685
94588
95722
95304
93635
95376
94014
94710
94601
93250
94597
94545
93730
95618
94402
93263
94801
94546
95623
95205
95138
95650
95993
94544
94564
95301
94559
95341
94508
95961
93314
94547
93637
95228
95901
93602
93650
95136
94041
94066
93203
94087
95118
94706
93737
93609
94503
94526
95959
94806
94037
95663
95713
94505
95212
94062
95215
95367
95127
94044
95762
95388
95387
95691
95377
94572
95360
95701
95112
95135
94520
95337
93657
93653
95129
95321
94568
93204
94018
94574
95404
93723
94558
94507
95116
95032
94086
95130
95926
94556
94805
95340
94595
95642
95008
95946
95014
94528
94506
94602
93667
95252
95953
95126
95111
93654
94530
95403
94517
94552
95124
95148
94085
93647
93239
94566
95125
95035
93610
94590
95330
93648
95030
95128
94510
94010
94070
95247
95240
93243
94089
95223
95120
94514
93206
94519
95317
95236
95070
94803
94404
93622
93212
95446
95715
94022
95374
94515
94605
93625
95131
95202
95633
95237
95231
95366
94603
95973
94612
95121
94703
95965
94705
95476
94619
95119
95601
93620
95365
94038
93631
94535
95139
94028
95694
95334
95133
95379
93616
95249
94608
95612
95665
94024
95938
95441
95255
95220
95969
95631
93660
93210
95728
95614
95651
93675
94708
93234
93644
93615
95110
95672
94928
93646
94951
93606
95329
94621
95346
93668
94952
95635
93656
95327
94576
95245
95117
95669
93241
94607
95258
95641
94923
95310
95653
94305
95222
94931
93643
95407
95436
93618
93636
93651
95692
93242
93249
95982
93252
95684
93230
95949
94525
95629
95681
95246
95698
95369
93624
95676
95954
95425
95703
95918
95636
95134
95333
93626
95033
94586
95942
94599
95405
95225
93604
95948
95690
95658
95372
95686
93608
95689
94954
95242
95113
95230
95227
94027
95634
93665
93224
95697
95492
95613
95736
95720
95421
93266
95251
95977
93276
95960
95363
95607
93453
93251
93601
95303
95637
93669
95935
95254
95233
93673
94971
95248
95226
93274
93254
95645
95606
94929
95452
95714
95462
95439
95968
95232
95632
93627
95664
93666
93621
95201
95668
95975
95656
95257
95037
93603
95615
93219
93641
94569
95747
95043
95962
95229
95311
93664
95385
93286
94548
95626
95338
95717
95430
93652
94573
95253
95309
95675
94567
93303
93607
93282
95625
95974
95917
95224
94562
95250
95353
95916
93291
93670
95661
93302
95450
95654
95357
95699
94720
95815
95234
95221
95140
